334
244
453
122
623
666
627
178
257
496
439
80
407
684
317
361
210
124
388
646
104
104
324
258
47
583
342
9
28
705
270
772
2
292
190
165
59
311
296
117
72
443
268
218
892
4
435
374
243
386
343
733
107
601
160
46
425
496
157
382
715
345
81
249
181
8
555
13
395
81
827
113
480
686
284
1
855
17
505
445
790
128
665
311
498
64
1
619
19
112
100
737
70
351
438
422
179
221
92
294
37
180
772
201
154
334
518
559
529
356
11
490
29
304
630
100
251
609
644
41
117
321
76
248
23
186
455
299
265
20
762
238
162
627
24
331
354
90
30
839
68
429
742
892
155
479
369
85
689
104
285
32
626
721
196
406
364
337
234
56
622
495
64
204
340
281
631
178
847
13
586
103
118
67
117
679
278
22
487
486
815
168
634
711
183
474
123
379
84
576
169
282
138
145
403
278
866
418
247
160
248
428
906
659
382
245
200
600
372
216
237
519
353
571
162
66
610
206
86
625
224
158
145
355
146
769
549
792
271
676
629
808
140
136
93
642
489
58
189
26
306
587
6
554
563
636
14
548
17
691
352
701
32
623
196
407
135
323
72
503
266
356
42
524
566
125
29
333
95
23
542
210
187
858
162
58
510
475
96
14
348
118
541
483
375
96
53
439
399
603
359
116
161
254
34
174
440
168
694
19
133
301
74
187
473
410
418
7
93
122
102
246
557
711
366
103
171
381
157
258
170
6
671
185
362
378
188
51
47
368
193
254
102
238
78
607
180
578
273
45
149
622
633
346
251
235
593
347
302
40
385
21
359
490
99
13
596
644
307
160
261
391
131
78
26
469
106
509
528
258
410
378
28
657
343
224
34
748
196
147
24
781
892
167
27
77
257
582
287
325
98
79
233
176
167
14
200
195
483
180
357
313
147
575
663
23
77
286
46
250
34
336
115
449
46
202
403
764
398
277
575
416
418
156
645
465
54
442
199
482
659
178
89
219
53
242
618
353
51
642
747
297
513
426
148
182
191
489
678
436
779
43
291
805
211
52
404
471
385
554
142
525
197
361
280
370
211
230
262
162
303
545
153
17
12
629
153
188
199
351
164
3
419
285
321
307
131
225
66
462
130
325
515
642
700
337
272
334
2
125
24
225
129
198
327
240
872
356
481
241
792
171
13
778
566
871
217
489
375
148
659
705
748
244
291
69
557
776
4
817
318
76
415
179
618
619
559
326
209
281
550
366
367
161
303
572
624
91
496
223
365
125
349
937
239
454
209
140
297
229
409
387
326
846
588
358
579
108
345
430
190
434
633
146
317
515
103
618
511
637
445
145
216
189
81
127
259
542
61
411
328
236
211
70
237
282
158
5
815
163
641
636
495
136
112
460
99
489
249
452
286
362
683
566
105
846
51
178
258
717
57
9
32
295
147
214
92
185
436
288
265
367
329
310
540
642
495
270
362
576
303
169
308
635
190
218
345
222
77
251
148
32
322
11
62
36
795
236
606
175
452
187
907
88
88
499
177
390
19
473
477
904
261
187
27
367
376
59
198
751
197
767
288
238
160
206
791
687
437
4
281
540
140
338
131
497
176
805
132
32
104
232
284
817
173
95
172
179
268
93
338
129
255
580
803
854
353
367
235
75
48
465
465
178
506
147
137
230
511
32
132
56
242
794
732
15
237
18
124
295
81
143
438
246
212
290
112
641
602
541
65
58
838
23
588
406
742
189
840
154
480
31
525
25
136
56
521
741
85
746
99
410
12
183
510
266
39
314
254
756
533
302
779
83
258
294
261
172
154
63
175
26
67
132
486
451
131
498
555
291
59
321
299
728
683
639
160
701
299
474
336
31
356
462
426
747
539
233
38
540
131
692
527
104
40
159
841
112
553
302
113
828
786
561
160
364
353
473
369
137
65
30
308
58
285
478
75
566
181
710
50
591
303
397
262
508
644
190
235
523
462
133
771
276
763
35
182
724
109
130
102
586
511
324
194
178
408
180
242
419
760
153
275
298
421
424
821
208
264
415
484
196
148
180
100
477
528
391
704
524
113
877
229
659
90
201
137
467
512
127
582
618
143
13
419
4
346
85
24
551
216
374
874
320
471
246
65
529
305
99
173
596
341
90
508
578
401
26
397
457
179
690
50
73
440
206
289
99
306
58
150
30
620
1
747
104
44
33
539
505
237
83
440
764
491
535
691
63
170
200
44
176
131
365
407
235
32
35
391
529
123
350
275
88
267
108
263
333
222
108
375
166
81
108
88
295
597
198
282
233
